#DEBs test
2484-2484
gpbeam = 10.600
gtargmass_amu = 12.0107
htheta_lab = -23.19
ptheta_lab = 21.6
hpcentral = 5.539
ppcentral = 5.925*0.985
ppartmass = 0.93827231
hpartmass = 0.0005109

